Pathway,Th0,Th1,Th2,Th17,iTreg,IFNB
Androgen,0.9832000000000001,0.9836,0.9732000000000001,0.9870000000000001,0.9945999999999999,0.9654
EGFR,1,1,1,1,1,1
Estrogen,1,1,1,1,1,1
Hypoxia,-0.9958,-0.9974,-0.997,-0.9952,-0.9766,-0.9992
JAK.STAT,0.9852000000000001,0.9918,0.9372,0.9521999999999999,0.9865999999999999,1
MAPK,1,1,1,1,1,1
NFkB,1,1,1,1,1,1
p53,-0.96,-0.9606,-0.963,-0.9528,-0.8826,-0.9678
PI3K,1,1,1,1,1,1
TGFb,0.12440000000000007,0.11939999999999995,0.16999999999999993,0.4221999999999999,0.7072,-0.239
TNFa,0.9998,1,0.9992000000000001,1,1,1
Trail,-0.9984,-0.997,-0.9982,-0.999,-0.9968,-0.9842
VEGF,0.7604,0.756,0.7649999999999999,0.8204,0.7709999999999999,0.7092
WNT,-0.8956,-0.872,-0.9204,-0.8632,-0.8972,-0.43379999999999996
