Pathway,Th0,Th1,Th2,Th17,iTreg,IFNB
Androgen,0.9194,0.9652000000000001,0.9343999999999999,0.9468000000000001,0.9594,0.895
EGFR,1,1,1,1,1,1
Estrogen,1,1,1,1,1,1
Hypoxia,-1,-1,-1,-1,-1,-1
JAK.STAT,0.5334000000000001,0.30820000000000003,-0.24480000000000002,-0.09940000000000004,0.22399999999999998,1
MAPK,1,1,1,1,1,1
NFkB,1,1,1,1,1,1
p53,-0.917,-0.9196,-0.9362,-0.9174,-0.9032,-0.937
PI3K,1,1,1,1,1,1
TGFb,-0.48240000000000005,-0.38660000000000005,-0.3508,-0.31999999999999995,-0.30579999999999996,-0.49539999999999995
TNFa,0.9996,0.9994000000000001,0.9978,1,0.9996,0.9998
Trail,-0.9972,-0.9988,-0.9982,-0.9974,-0.9968,-0.9958
VEGF,0.8908,0.871,0.9021999999999999,0.9026000000000001,0.8866,0.8775999999999999
WNT,-0.9498,-0.9558,-0.9168000000000001,-0.942,-0.9418,-0.7888
