GeneID,Th0,Th1,Th2,Th17,iTreg,IFNB
ARID3A,-2.3929434005924244,-2.597409671546365,-2.4253936689963167,-2.740266704799524,-2.732190704595595,-2.7412871274939894
ASCL1,-3.19641218551301,-3.2001257745901244,-2.740745627182256,-3.4544958460166413,-3.3306941515593547,-3.532186941489029
BHLHE22,2.8377309500637176,3.135324529601199,2.7450044965659792,3.056329633736052,3.0100671673811585,3.157150893570723
CEBPA,2.8714088574156333,2.7581647009292847,2.7069796764132725,2.7841197275530436,2.803854793265385,2.5062769662734965
CREB3,2.9451175218073513,2.706267946531445,2.8118208782380685,2.85354708218915,2.8382360675435563,2.450651504848707
E2F1,3.9923982286153628,4.0649958830426,4.344730595335501,4.183827997817327,3.95551438192043,3.80251416994747
E2F4,5.4824626535456344,5.484803335692835,5.588962642186687,5.738446310257028,5.4487661333348925,5.127606379400693
EBF1,-4.984880500090641,-5.168083261475267,-4.859647191383794,-5.39509550116842,-5.00663518973427,-5.315432452897976
GRHL2,-2.972894649037806,-2.832420393827582,-2.7039465346092992,-3.028405186921452,-2.875914527771226,-2.9770006213466025
IRF3,-2.6169907386125777,-3.25286915296863,-3.297942124319837,-3.161172765606862,-3.1721065975593374,-3.0483335949072803
LYL1,-4.0415156124120735,-4.568404552036648,-4.099879065105768,-4.8566204289633665,-4.504411189161488,-4.074296535640593
MAF,-3.6637572778625556,-4.167376230580198,-3.815023180587874,-4.322654270062042,-3.9861541976334958,-4.218053225947939
MEF2B,-3.1537620735749536,-3.0025348311580107,-2.929537104870516,-3.2199663845015607,-3.0818950684156867,-2.783566798791712
MEF2C,-2.985591119061996,-3.0287693589726827,-2.882232351866525,-3.3163494409149266,-2.866922807717381,-2.680170931605748
MEIS2,-2.769021026933218,-2.4603627521685185,-2.46944583743281,-2.744396368941147,-2.578922513972767,-2.475146796591404
MYC,8.940400940777145,8.606728843110844,8.795762028143466,8.64963877505106,8.641221970009868,8.223990702072337
NFKB1,4.927095958511373,4.964781672979493,4.906790647876578,4.9248756805623914,4.9590928032116635,5.407148538456759
NR2C2,3.6608143421718196,3.6395734394272274,3.6913138418184643,3.6817937058036,3.613814088702698,3.5559466261970516
POU5F1,-3.32546743876326,-3.3002745647749925,-3.127589042966855,-3.401064518762434,-3.2422043258250093,-2.759839966542868
REL,3.266924970305239,3.3322774880934984,3.10804053244842,3.3514189151892997,3.217560851552747,3.0306193927116207
RELA,4.694494344718993,4.797512739740608,4.649945126838627,4.899339071054863,4.810710478297294,4.909940110931549
SREBF1,4.180080300963173,4.1211659818310284,4.147364242956484,4.021502577902455,4.053053326005529,3.780982885873868
SREBF2,3.3640314632856785,3.223776400261676,3.362769074626632,3.237889300006576,3.2280610385372914,2.7911054535818214
STAT3,3.5184449886183704,3.9440506627503344,3.443159413803804,3.7486796250112375,3.532320463699926,4.37108534373915
STAT5B,2.5363550567528956,3.0141939095552943,2.4989954750650747,2.6714819985360254,2.529154132859606,2.9605818015103873
STAT6,3.8010282280095202,3.6981770637170497,4.048788283773799,3.5592926713660056,3.7211036159441955,3.8401008612664254
TAL1,-3.35366409151726,-3.3260986743715115,-3.1071328504227944,-3.48891783631142,-3.296065535789532,-3.509671214747114
THAP1,-2.7044337581440283,-3.005042399551886,-2.659463901092527,-3.0639351867027793,-3.1642344839749814,-3.2271058413605997
THAP11,-3.433938499722311,-3.281331586671353,-3.1730819824092427,-3.5464041704128526,-3.332528903935518,-3.071845497293232
ZNF263,3.9516028400046155,4.340882221897479,3.8574142493823267,4.651594490556449,4.5675914746299275,4.752787396433112
