GeneID,Th0,Th1,Th2,Th17,iTreg,IFNB
ATF6,3.6606974868732984,3.596805119814494,3.6070044615483075,3.7350373940817354,4.043880311305471,3.4712754660997396
CEBPA,2.751657435974408,2.529918957724301,2.7746004220468485,2.820374248645417,3.3179893652426333,2.5781069810289994
CEBPB,3.390143427090731,3.307284840259119,3.239465281337666,3.3865037358702197,3.7061869679940247,3.77598183764187
CREB3,3.2747926829903293,3.233296754530594,3.3252945497052826,3.4094119407898744,3.687947497139714,2.968473715409454
E2F1,4.601673165518223,4.527851811868323,4.698721410372052,4.570859069675217,4.579638475643829,3.962400292121939
E2F4,5.899319338445569,5.941665116347593,5.812985404076925,6.038112152909224,5.244532691126281,5.162327499211438
EBF1,-4.530026601955809,-4.659614990064918,-4.327937347892717,-4.427480253071966,-3.97539927153658,-4.389747335054848
ETS1,2.89420823811678,2.7043324075690838,2.904322345478449,2.7314614232608525,3.087478413242805,2.629901859822164
FOXL2,2.8830521529044,2.9757418799872273,2.509119758234422,2.8813776007496483,3.194866618507594,3.4045131333321828
HIF1A,2.8325567584306763,2.792352426233556,2.882586359232764,2.954931871449569,3.736721026224555,2.301447244652459
LYL1,-4.681190579064365,-4.779654342029509,-4.28638741996069,-4.5907781498952485,-3.802074794982185,-4.161891749676904
MAF,-3.1546540432415373,-3.4538256152159783,-3.034638837001866,-3.388910332176734,-2.816405825815643,-3.1663238012786374
MBD2,-2.9488771020130975,-2.877178514880982,-2.7507399626232854,-2.6785857055462645,-2.6348057508706613,-3.4824999104435364
MYC,9.143115262112559,9.230278325211641,8.98939519570915,8.935427065379566,8.588757750016626,8.079689880289608
MYCN,3.55974138429479,3.574643061424456,3.657618236183795,3.917332939729541,3.450212069347271,3.2136356030447715
NFATC2,3.9130885070033314,4.025823921213462,3.8169157985589335,4.133528105268377,3.994283729115701,3.792313404175423
NFKB1,6.5337754455309955,6.454097923374256,6.160375089074707,6.3158090218229175,7.180579599975291,7.507771040340227
NR2C2,3.0004742782380647,3.015670319002452,3.0622612467623593,2.94651271131588,2.2888538114517956,3.00062269429855
POU5F1,-4.26628995625521,-4.295649438789744,-4.139039976338528,-4.223541663032442,-3.779312088015352,-3.718510674374631
REL,3.0747684522353738,3.158164556511642,2.9229145710230977,3.2762202242747898,3.244854474823711,3.190516240804659
RELA,6.089605344548753,6.0176222065853135,5.722773102707846,6.020027960024999,6.636337049853581,6.710109740097226
SREBF1,3.9528872246512363,3.8248255643313422,3.7893932814110416,3.8719140270096024,4.133541328382256,3.763937259847858
SREBF2,4.612378351571166,4.392184575972697,4.529718805996353,4.5642506404772805,4.592673062452916,3.9830866893464805
STAT3,4.6965373972955184,4.587160177780986,4.400439673971155,4.945182395241506,5.056670312008567,5.663058044357598
STAT4,3.47809256483365,3.600940083861737,3.4122563905137664,3.5803269500574015,3.4069803576767126,3.850069752943214
STAT5A,2.934682742698758,2.988017102379983,2.820555257820364,3.0146272408851904,2.9073728991493657,3.7165824978491973
STAT5B,2.8464393944273225,3.0083037514827375,2.7434303952412904,3.0316135717768367,2.8398763728859007,3.5598956493829887
STAT6,3.807595318380161,3.5499885863124687,3.8048896212199024,3.738056005253133,3.9686556734665976,3.6530760622859253
THAP11,-2.8919618262346125,-2.9407089106750575,-2.8474079656979527,-2.8034697312180215,-2.840407476327483,-2.3155460136183157
ZNF263,4.352103023095645,4.508029927188876,3.542756393532178,3.6804712062288254,3.1688126060441424,5.454888304250558
